chr	startpos	endpos	BAF	pval	LogR	ntot	nMaj1_A	nMin1_A	frac1_A	nMaj2_A	nMin2_A	frac2_A	SDfrac_A	SDfrac_A_BS	frac1_A_0.025	frac1_A_0.975	nMaj1_B	nMin1_B	frac1_B	nMaj2_B	nMin2_B	frac2_B	SDfrac_B	SDfrac_B_BS	frac1_B_0.025	frac1_B_0.975	nMaj1_C	nMin1_C	frac1_C	nMaj2_C	nMin2_C	frac2_C	SDfrac_C	SDfrac_C_BS	frac1_C_0.025	frac1_C_0.975	nMaj1_D	nMin1_D	frac1_D	nMaj2_D	nMin2_D	frac2_D	SDfrac_D	SDfrac_D_BS	frac1_D_0.025	frac1_D_0.975	nMaj1_E	nMin1_E	frac1_E	nMaj2_E	nMin2_E	frac2_E	SDfrac_E	SDfrac_E_BS	frac1_E_0.025	frac1_E_0.975	nMaj1_F	nMin1_F	frac1_F	nMaj2_F	nMin2_F	frac2_F	SDfrac_F	SDfrac_F_BS	frac1_F_0.025	frac1_F_0.975
chr1	841166	121602702	0.865562414711617	1	-0.409645980956302	2.23924694365018	2	0	1	NA	NA	NA	NA	NA	NA	NA	NA	NA	NA	NA	NA	NA	NA	NA	NA	NA	NA	NA	NA	NA	NA	NA	NA	NA	NA	NA	NA	NA	NA	NA	NA	NA	NA	NA	NA	NA	NA	NA	NA	NA	NA	NA	NA	NA	NA	NA	NA	NA	NA	NA	NA	NA	NA	NA	NA	NA
chr1	124941043	248907069	0.636094084862312	0	0.784927289981375	6.03314923671962	4	2	0.862366058759867	4	3	0.137633941240133	0.00256957381325712	0.00256577671051376	0.857222704273074	0.867189943013366	4	1	0.431183029379934	4	3	0.568816970620066	0.00128478690662878	0.00129152008195637	0.428615057629358	0.433755077391212	4	2	0.931183029379934	4	4	0.0688169706200663	0.00128478690662859	0.00129786624869324	0.928631963962582	0.933799928853338	3	2	0.240579040508343	4	2	0.759420959491657	0.00424324569101021	0.00423273790843579	0.232463046462197	0.249179118788622	2	2	0.120289520254171	4	2	0.879710479745829	0.002121622845505	0.00212084166679626	0.11596425437492	0.124194640132607	3	2	0.620289520254171	5	2	0.379710479745829	0.00212162284550543	0.00216623902320785	0.616118404355867	0.624484337728532
chr2	13241	242101407	0.633548233587864	1	0.016484605340949	3.25081500870673	2	1	1	NA	NA	NA	NA	NA	NA	NA	NA	NA	NA	NA	NA	NA	NA	NA	NA	NA	NA	NA	NA	NA	NA	NA	NA	NA	NA	NA	NA	NA	NA	NA	NA	NA	NA	NA	NA	NA	NA	NA	NA	NA	NA	NA	NA	NA	NA	NA	NA	NA	NA	NA	NA	NA	NA	NA	NA	NA
chr3	13847	198148013	0.633041607185548	1	0.0281310325672223	3.28287480186912	2	1	1	NA	NA	NA	NA	NA	NA	NA	NA	NA	NA	NA	NA	NA	NA	NA	NA	NA	NA	NA	NA	NA	NA	NA	NA	NA	NA	NA	NA	NA	NA	NA	NA	NA	NA	NA	NA	NA	NA	NA	NA	NA	NA	NA	NA	NA	NA	NA	NA	NA	NA	NA	NA	NA	NA	NA	NA	NA
chr4	36494	51840547	0.865616723303505	1	-0.456041903792727	2.14608232323104	2	0	1	NA	NA	NA	NA	NA	NA	NA	NA	NA	NA	NA	NA	NA	NA	NA	NA	NA	NA	NA	NA	NA	NA	NA	NA	NA	NA	NA	NA	NA	NA	NA	NA	NA	NA	NA	NA	NA	NA	NA	NA	NA	NA	NA	NA	NA	NA	NA	NA	NA	NA	NA	NA	NA	NA	NA	NA	NA
chr4	51849774	190111358	0.7410350009144	0	-0.217962791115589	2.65754937313216	2	0	0.53024516789377	2	1	0.46975483210623	0.0011342742490158	0.00115023709244393	0.528003851860581	0.532416228284854	2	0	0.765122583946885	2	2	0.234877416053115	0.000567137124507844	0.000578047199268033	0.764016199206581	0.766258349409434	3	0	0.180781244103328	3	1	0.819218755896672	0.00161647562091473	0.00161472401125679	0.177679923287135	0.183910690676782	3	0	0.590390622051664	3	2	0.409609377948336	0.000808237810457357	0.000794524139759265	0.588723334484229	0.591918490436387	NA	NA	NA	NA	NA	NA	NA	NA	NA	NA	NA	NA	NA	NA	NA	NA	NA	NA	NA	NA
chr5	12041	46433021	0.501097103631899	1	0.323412003397204	4.18851822317169	2	2	1	NA	NA	NA	NA	NA	NA	NA	NA	NA	NA	NA	NA	NA	NA	NA	NA	NA	NA	NA	NA	NA	NA	NA	NA	NA	NA	NA	NA	NA	NA	NA	NA	NA	NA	NA	NA	NA	NA	NA	NA	NA	NA	NA	NA	NA	NA	NA	NA	NA	NA	NA	NA	NA	NA	NA	NA	NA
chr5	47100817	117150826	0.865400634633861	1	-0.423821797897161	2.21046289106385	2	0	1	NA	NA	NA	NA	NA	NA	NA	NA	NA	NA	NA	NA	NA	NA	NA	NA	NA	NA	NA	NA	NA	NA	NA	NA	NA	NA	NA	NA	NA	NA	NA	NA	NA	NA	NA	NA	NA	NA	NA	NA	NA	NA	NA	NA	NA	NA	NA	NA	NA	NA	NA	NA	NA	NA	NA	NA	NA
chr5	117152269	117260543	0.758638645905242	0.0000000176348117663247	-0.448124840030395	2.16176880427601	2	0	0.603902934934311	2	1	0.396097065065689	0.0767985728241076	0.0762761597339223	0.454592669581103	0.741582003675502	2	0	0.801951467467156	2	2	0.198048532532844	0.0383992864120537	0.0368276795346002	0.726947949778949	0.867800645090608	1	0	0.922053553015143	1	1	0.0779464469848568	0.0441500513507451	0.045593989022214	0.824173865560584	0.999564155716159	1	0	0.961026776507572	1	2	0.0389732234924284	0.0220750256753726	0.0222903708870756	0.91389965888806	1.00003336710131	NA	NA	NA	NA	NA	NA	NA	NA	NA	NA	NA	NA	NA	NA	NA	NA	NA	NA	NA	NA
chr5	117261601	181233259	0.864768523541451	1	-0.422316306992636	2.21350639016378	2	0	1	NA	NA	NA	NA	NA	NA	NA	NA	NA	NA	NA	NA	NA	NA	NA	NA	NA	NA	NA	NA	NA	NA	NA	NA	NA	NA	NA	NA	NA	NA	NA	NA	NA	NA	NA	NA	NA	NA	NA	NA	NA	NA	NA	NA	NA	NA	NA	NA	NA	NA	NA	NA	NA	NA	NA	NA	NA
chr6	149664	32552536	0.592668508901443	0	0.182644846111361	3.73364094260184	2	1	0.735597000577101	2	2	0.264402999422899	0.00344835347684808	0.00347491515356682	0.728640669301289	0.742521809424499	2	0	0.36779850028855	2	2	0.63220149971145	0.00172417673842404	0.00169383305545646	0.3645738091533	0.371181025548663	2	1	0.86779850028855	2	3	0.13220149971145	0.00172417673842407	0.00173771397582962	0.86433674295466	0.871015209564176	3	1	0.0483131564370143	3	2	0.951686843562986	0.00491431356434133	0.00485849598820067	0.0386054375818912	0.0581226074399802	3	0	0.0241565782185072	3	2	0.975843421781493	0.00245715678217067	0.00246639964987562	0.0193917727838901	0.0293091184872416	3	1	0.524156578218507	3	3	0.475843421781493	0.00245715678217062	0.00243146183120162	0.519527662723251	0.529113669980569
chr6	32592655	32623918	0.682572155454022	0.000251589492575698	0.26304053715749	3.98798570361605	2	1	0.444438402879123	3	1	0.555561597120877	0.10850241626503	0.109446318832792	0.21161243935157	0.639119785545937	1	1	0.222219201439561	3	1	0.777780798560439	0.0542512081325149	0.0535234440484338	0.107292817592302	0.317373964392462	2	1	0.722219201439562	4	1	0.277780798560438	0.0542512081325153	0.0546988149208534	0.611258766242907	0.824815956245328	3	1	0.793315441990836	3	2	0.206684558009164	0.0581413006873432	0.0554727233796858	0.689479337756971	0.900552663685807	3	0	0.396657720995418	3	2	0.603342279004582	0.0290706503436718	0.0297136126451186	0.337327596581538	0.454424027918152	3	1	0.896657720995418	3	3	0.103342279004582	0.0290706503436718	0.0285844651697159	0.835763042100728	0.948152940439442
chr6	32623940	64533554	0.592594136944741	0	0.181506358441958	3.73013995915612	2	1	0.735098885558204	2	2	0.264901114441796	0.00338386723690509	0.00341488351261711	0.728754709382548	0.742116137662402	2	0	0.367549442779102	2	2	0.632450557220898	0.00169193361845255	0.00169123042733437	0.364202412566314	0.370772805123754	2	1	0.867549442779102	2	3	0.132450557220898	0.00169193361845255	0.00165233971394367	0.864302191485731	0.871004262806074	3	1	0.04760328333079	3	2	0.95239671666921	0.00482241300780287	0.00482274308133022	0.0384026058213378	0.0572406310841929	3	0	0.023801641665395	3	2	0.976198358334605	0.00241120650390144	0.00241234925926577	0.0191598009125005	0.0288624696304549	3	1	0.523801641665395	3	3	0.476198358334605	0.00241120650390131	0.00250488138082309	0.518902246236402	0.528810340184788
chr6	64535178	65062364	0.831340101499696	0.000000000000000000000000000882773203227639	1.36800876268973	9.38883852545472	8	1	0.657796012625258	8	2	0.342203987374742	0.0305061949388397	0.031062565539375	0.590115423197675	0.713383033168737	8	0	0.328898006312629	8	2	0.671101993687371	0.0152530974694199	0.0155853710859019	0.295548799212093	0.358031412080632	8	1	0.828898006312629	8	3	0.171101993687371	0.0152530974694198	0.0153187053445895	0.796033085381183	0.856343716862644	9	1	0.454918877026903	9	2	0.545081122973097	0.0341586326893401	0.0325611002954481	0.388550672534698	0.513236562680853	9	0	0.227459438513452	9	2	0.772540561486548	0.0170793163446701	0.0169414954476516	0.190759681680055	0.257318335970634	9	1	0.727459438513451	9	3	0.272540561486549	0.0170793163446699	0.0175152914873244	0.69077319145911	0.759722797904194
chr6	65063718	65786546	0.674368861808918	0.00000000000000000000000000000000000000000000000000185733951128611	0.425466662839034	4.54718599270255	3	1	0.73357300992665	3	2	0.26642699007335	0.0169861695227118	0.0176027029720969	0.70094916338339	0.765668399681803	3	0	0.366786504963325	3	2	0.633213495036675	0.0084930847613558	0.00876840498506225	0.34862563954548	0.382679354173997	3	1	0.866786504963325	3	3	0.133213495036675	0.00849308476135568	0.00860734287115253	0.849937461626413	0.884101572632947	4	1	0.250705017893901	4	2	0.749294982106099	0.0220532142347906	0.0210635415756014	0.209369281226547	0.290744425144498	4	0	0.125352508946951	4	2	0.874647491053049	0.0110266071173953	0.0109561701630451	0.103304646938444	0.14658798694603	4	1	0.625352508946951	4	3	0.374647491053049	0.0110266071173953	0.0111129873687514	0.603499832407356	0.646734179853027
chr6	65790332	170606038	0.547764025836919	0	-0.297225057347512	2.47781584328624	1	1	0.714350473547555	2	1	0.285649526452445	0.00206248710238727	0.00208588802846008	0.71041895815144	0.71843198837896	0	1	0.357175236773777	2	1	0.642824763226223	0.00103124355119369	0.00102801288887175	0.355242224006919	0.359129125310264	1	1	0.857175236773778	3	1	0.142824763226222	0.00103124355119366	0.00106357204785396	0.855091775300994	0.859293624377389	2	1	0.410229648058675	2	2	0.589770351941325	0.00244543605588918	0.00239766598027314	0.405634236880297	0.415061559120472	2	0	0.205114824029338	2	2	0.794885175970662	0.00122271802794459	0.00120962534847351	0.202888552300403	0.207560350836477	2	1	0.705114824029338	2	3	0.294885175970662	0.00122271802794455	0.00127939579709755	0.702628146360815	0.707681096222398
chr7	31439	63474255	0.58601873274475	1	0.620494285094234	5.30735659206759	3	2	1	NA	NA	NA	NA	NA	NA	NA	NA	NA	NA	NA	NA	NA	NA	NA	NA	NA	NA	NA	NA	NA	NA	NA	NA	NA	NA	NA	NA	NA	NA	NA	NA	NA	NA	NA	NA	NA	NA	NA	NA	NA	NA	NA	NA	NA	NA	NA	NA	NA	NA	NA	NA	NA	NA	NA	NA	NA
chr7	63474423	67156074	0.631611865248459	1	-0.0203101914385121	3.15121167648615	2	1	1	NA	NA	NA	NA	NA	NA	NA	NA	NA	NA	NA	NA	NA	NA	NA	NA	NA	NA	NA	NA	NA	NA	NA	NA	NA	NA	NA	NA	NA	NA	NA	NA	NA	NA	NA	NA	NA	NA	NA	NA	NA	NA	NA	NA	NA	NA	NA	NA	NA	NA	NA	NA	NA	NA	NA	NA	NA
chr7	67156977	67193517	0.875393481157363	1	-0.350560661290215	2.3623131849692	2	0	1	NA	NA	NA	NA	NA	NA	NA	NA	NA	NA	NA	NA	NA	NA	NA	NA	NA	NA	NA	NA	NA	NA	NA	NA	NA	NA	NA	NA	NA	NA	NA	NA	NA	NA	NA	NA	NA	NA	NA	NA	NA	NA	NA	NA	NA	NA	NA	NA	NA	NA	NA	NA	NA	NA	NA	NA	NA
chr7	67196038	159285528	0.630142746989679	1	0.0067048987411596	3.22409303561424	2	1	1	NA	NA	NA	NA	NA	NA	NA	NA	NA	NA	NA	NA	NA	NA	NA	NA	NA	NA	NA	NA	NA	NA	NA	NA	NA	NA	NA	NA	NA	NA	NA	NA	NA	NA	NA	NA	NA	NA	NA	NA	NA	NA	NA	NA	NA	NA	NA	NA	NA	NA	NA	NA	NA	NA	NA	NA	NA
chr8	212256	7149981	0.624440946289419	0	-0.825431758738519	1.50214869493312	1	0	0.538976241986571	1	1	0.461023758013429	0.00320452232596563	0.00317865715583295	0.532344336164501	0.545131026544549	1	0	0.769488120993285	1	2	0.230511879006715	0.00160226116298273	0.0015866484412947	0.766361905275284	0.772856140914579	1	1	0.103845770063706	2	1	0.896154229936294	0.00885913365614874	0.00862250854994944	0.0880059982640612	0.121522338042938	0	1	0.0519228850318531	2	1	0.948077114968147	0.00442956682807438	0.0043245867125021	0.0435936948271027	0.060420000487085	1	1	0.551922885031853	3	1	0.448077114968147	0.00442956682807449	0.00440755211739065	0.543368994486397	0.560802675480994	NA	NA	NA	NA	NA	NA	NA	NA	NA	NA
chr8	7150215	10344022	0.796563253121278	1	-1.08961907965002	1.13289382755738	1	0	1	NA	NA	NA	NA	NA	NA	NA	NA	NA	NA	NA	NA	NA	NA	NA	NA	NA	NA	NA	NA	NA	NA	NA	NA	NA	NA	NA	NA	NA	NA	NA	NA	NA	NA	NA	NA	NA	NA	NA	NA	NA	NA	NA	NA	NA	NA	NA	NA	NA	NA	NA	NA	NA	NA	NA	NA	NA
chr8	10349597	12328356	0.626606228103215	0	-0.742818270897914	1.6322005766775	1	0	0.546459591719937	1	1	0.453540408280063	0.00774249978374009	0.00766823760889224	0.531483451810125	0.561899734265439	1	0	0.773229795859969	1	2	0.226770204140031	0.00387124989187004	0.00392839353784214	0.765323588372009	0.780811604471749	1	1	0.082965466084142	2	1	0.917034533915858	0.0218045249261277	0.0223615559248909	0.0386237775293906	0.125457854013221	0	1	0.041482733042071	2	1	0.958517266957929	0.0109022624630638	0.0107328019262349	0.0207232608287507	0.0626362384514518	1	1	0.541482733042071	3	1	0.458517266957929	0.0109022624630637	0.010931158584331	0.519653000035739	0.563304287206529	NA	NA	NA	NA	NA	NA	NA	NA	NA	NA
chr8	12614010	38599009	0.787734908752012	1	-1.09218694902813	1.12962621954037	1	0	1	NA	NA	NA	NA	NA	NA	NA	NA	NA	NA	NA	NA	NA	NA	NA	NA	NA	NA	NA	NA	NA	NA	NA	NA	NA	NA	NA	NA	NA	NA	NA	NA	NA	NA	NA	NA	NA	NA	NA	NA	NA	NA	NA	NA	NA	NA	NA	NA	NA	NA	NA	NA	NA	NA	NA	NA	NA
chr8	38600240	145074901	0.75362591790321	1	0.593347996350781	5.19529163313792	4	1	1	NA	NA	NA	NA	NA	NA	NA	NA	NA	NA	NA	NA	NA	NA	NA	NA	NA	NA	NA	NA	NA	NA	NA	NA	NA	NA	NA	NA	NA	NA	NA	NA	NA	NA	NA	NA	NA	NA	NA	NA	NA	NA	NA	NA	NA	NA	NA	NA	NA	NA	NA	NA	NA	NA	NA	NA	NA
chr9	57539	138182431	0.501018279388226	1	0.328080765733054	4.20437857751354	2	2	1	NA	NA	NA	NA	NA	NA	NA	NA	NA	NA	NA	NA	NA	NA	NA	NA	NA	NA	NA	NA	NA	NA	NA	NA	NA	NA	NA	NA	NA	NA	NA	NA	NA	NA	NA	NA	NA	NA	NA	NA	NA	NA	NA	NA	NA	NA	NA	NA	NA	NA	NA	NA	NA	NA	NA	NA	NA
chr10	58487	133621484	0.625437352295167	1	-0.123611512469587	2.88477882710308	2	1	1	NA	NA	NA	NA	NA	NA	NA	NA	NA	NA	NA	NA	NA	NA	NA	NA	NA	NA	NA	NA	NA	NA	NA	NA	NA	NA	NA	NA	NA	NA	NA	NA	NA	NA	NA	NA	NA	NA	NA	NA	NA	NA	NA	NA	NA	NA	NA	NA	NA	NA	NA	NA	NA	NA	NA	NA	NA
chr11	285653	4960708	0.50647300694075	1	0.198160371469642	3.78162942012882	2	2	1	NA	NA	NA	NA	NA	NA	NA	NA	NA	NA	NA	NA	NA	NA	NA	NA	NA	NA	NA	NA	NA	NA	NA	NA	NA	NA	NA	NA	NA	NA	NA	NA	NA	NA	NA	NA	NA	NA	NA	NA	NA	NA	NA	NA	NA	NA	NA	NA	NA	NA	NA	NA	NA	NA	NA	NA	NA
chr11	4961686	54576407	0.533955808252512	0	0.236590984032025	3.90273892915128	2	1	0.299177124729336	2	2	0.700822875270664	0.00332516005951089	0.00337796827739343	0.292480102461015	0.305450076434966	2	0	0.149588562364668	2	2	0.850411437635332	0.00166258002975544	0.00170256024562703	0.146455733737575	0.152996705069734	2	1	0.649588562364668	2	3	0.350411437635332	0.00166258002975544	0.00165149362316405	0.64643079460566	0.652747564503703	2	2	0.657227004918732	3	2	0.342772995081268	0.00436484738257098	0.00441792667286887	0.648390850983344	0.665576076995508	1	2	0.328613502459366	3	2	0.671386497540634	0.00218242369128549	0.00221168901790183	0.324186527461606	0.333032573003929	2	2	0.828613502459366	4	2	0.171386497540634	0.00218242369128541	0.0021772070747469	0.824275011725197	0.832702080518268
chr11	54621930	102419871	0.865727007218698	1	-0.427225171098877	2.20359432879507	2	0	1	NA	NA	NA	NA	NA	NA	NA	NA	NA	NA	NA	NA	NA	NA	NA	NA	NA	NA	NA	NA	NA	NA	NA	NA	NA	NA	NA	NA	NA	NA	NA	NA	NA	NA	NA	NA	NA	NA	NA	NA	NA	NA	NA	NA	NA	NA	NA	NA	NA	NA	NA	NA	NA	NA	NA	NA	NA
chr11	102430145	102483981	0.531935998391158	0.0104457323588441	0.334009405576238	4.22459300154665	2	2	0.679007501550654	3	2	0.320992498449346	0.124659609867027	0.123209127551305	0.413124844387022	0.911649966962844	1	2	0.339503750775327	3	2	0.660496249224673	0.0623298049335136	0.063383223521255	0.205528385545051	0.451318482158045	2	2	0.839503750775327	4	2	0.160496249224673	0.0623298049335135	0.058180849117474	0.720851063267527	0.945191005082002	2	1	0.282449455883861	2	2	0.717550544116139	0.0965066418361225	0.092690876878888	0.106584038238046	0.472040907584879	2	0	0.141224727941931	2	2	0.858775272058069	0.0482533209180612	0.0477510217048314	0.0480598233236004	0.228853647111807	2	1	0.641224727941931	2	3	0.358775272058069	0.0482533209180612	0.0465182545102414	0.550864705764023	0.732748861223638
chr11	102485287	105677549	0.86449221336715	1	-0.433757225810834	2.1904568835802	2	0	1	NA	NA	NA	NA	NA	NA	NA	NA	NA	NA	NA	NA	NA	NA	NA	NA	NA	NA	NA	NA	NA	NA	NA	NA	NA	NA	NA	NA	NA	NA	NA	NA	NA	NA	NA	NA	NA	NA	NA	NA	NA	NA	NA	NA	NA	NA	NA	NA	NA	NA	NA	NA	NA	NA	NA	NA	NA
chr11	105736094	106159337	0.505485207248712	1	-0.0728331843127271	3.01336208897724	2	2	1	NA	NA	NA	NA	NA	NA	NA	NA	NA	NA	NA	NA	NA	NA	NA	NA	NA	NA	NA	NA	NA	NA	NA	NA	NA	NA	NA	NA	NA	NA	NA	NA	NA	NA	NA	NA	NA	NA	NA	NA	NA	NA	NA	NA	NA	NA	NA	NA	NA	NA	NA	NA	NA	NA	NA	NA	NA
chr11	106162771	118277556	0.864077425716171	1	-0.435823351671227	2.18631380291696	2	0	1	NA	NA	NA	NA	NA	NA	NA	NA	NA	NA	NA	NA	NA	NA	NA	NA	NA	NA	NA	NA	NA	NA	NA	NA	NA	NA	NA	NA	NA	NA	NA	NA	NA	NA	NA	NA	NA	NA	NA	NA	NA	NA	NA	NA	NA	NA	NA	NA	NA	NA	NA	NA	NA	NA	NA	NA	NA
chr11	118303363	119627852	0.576027657506366	0.00731610375282262	0.525345078902228	4.92364812407201	2	2	0.156366708498076	3	2	0.843633291501924	0.0563344963616271	0.0559598602988959	0.0433816695186645	0.26525066480885	1	2	0.0781833542490381	3	2	0.921816645750962	0.0281672481808135	0.028460798734979	0.0233198628766056	0.133217662963652	2	2	0.578183354249038	4	2	0.421816645750962	0.0281672481808133	0.0303333610668269	0.516799195203652	0.635286277858902	3	2	0.884909762880238	3	3	0.115090237119762	0.0434903965480934	0.0435282251811531	0.8006283057273	0.970594251252807	3	1	0.442454881440119	3	3	0.557545118559881	0.0217451982740466	0.0214295783786273	0.398574644239848	0.482621164586155	3	2	0.942454881440119	3	4	0.0575451185598809	0.0217451982740467	0.0209728140384526	0.900474511500872	0.983076954518369
chr11	119628867	134999713	0.863525777076251	1	-0.449348579104056	2.15933851971818	2	0	1	NA	NA	NA	NA	NA	NA	NA	NA	NA	NA	NA	NA	NA	NA	NA	NA	NA	NA	NA	NA	NA	NA	NA	NA	NA	NA	NA	NA	NA	NA	NA	NA	NA	NA	NA	NA	NA	NA	NA	NA	NA	NA	NA	NA	NA	NA	NA	NA	NA	NA	NA	NA	NA	NA	NA	NA	NA
chr12	10709	132867824	0.643003985614329	1	-0.0144605714869351	3.16687723647847	2	1	1	NA	NA	NA	NA	NA	NA	NA	NA	NA	NA	NA	NA	NA	NA	NA	NA	NA	NA	NA	NA	NA	NA	NA	NA	NA	NA	NA	NA	NA	NA	NA	NA	NA	NA	NA	NA	NA	NA	NA	NA	NA	NA	NA	NA	NA	NA	NA	NA	NA	NA	NA	NA	NA	NA	NA	NA	NA
chr12	132870656	133254685	0.513729327516047	0.00757730429004575	-0.479945843202721	2.09923921006665	1	1	0.923639479869263	2	1	0.076360520130737	0.029223631863181	0.0299628444294745	0.860223900389839	0.979838561395309	0	1	0.461819739934631	2	1	0.538180260065368	0.0146118159315904	0.0150886691495564	0.431771097220978	0.490810764208173	1	1	0.961819739934632	3	1	0.0381802600653685	0.0146118159315903	0.0149536970047474	0.930249595259357	0.990437645271508	2	1	0.125728731158091	2	2	0.874271268841909	0.0455447761889569	0.0466852675225103	0.0352833799656743	0.214930998246664	2	0	0.0628643655790455	2	2	0.937135634420954	0.0227723880944785	0.0232316050986863	0.0145313856157376	0.105357996190913	2	1	0.562864365579046	2	3	0.437135634420954	0.0227723880944785	0.0224187137964426	0.517228818091964	0.610769358855262
chr13	18484598	43913526	0.721062083176492	0	0.686911778149108	5.59059787191702	4	1	0.66863240223324	4	2	0.33136759776676	0.00404065519389024	0.00393798834107108	0.661176466793239	0.676083703198328	4	0	0.33431620111662	4	2	0.66568379888338	0.00202032759694484	0.00202535161913385	0.330502657227684	0.338260549774901	4	1	0.83431620111662	4	3	0.16568379888338	0.00202032759694498	0.00201711445660349	0.830310369218711	0.838300420961638	5	1	0.281789267180703	5	2	0.718210732819297	0.00496905412547236	0.00513819592073793	0.271237641579979	0.291659589336738	5	0	0.140894633590351	5	2	0.859105366409649	0.00248452706273612	0.00246370980522039	0.136189767530412	0.145808072883946	5	1	0.640894633590351	5	3	0.359105366409649	0.00248452706273605	0.00246394247954215	0.63594350168308	0.645383581696553
chr13	43915466	46922326	0.917697290400383	1	0.377039868315882	4.37382679932644	4	0	1	NA	NA	NA	NA	NA	NA	NA	NA	NA	NA	NA	NA	NA	NA	NA	NA	NA	NA	NA	NA	NA	NA	NA	NA	NA	NA	NA	NA	NA	NA	NA	NA	NA	NA	NA	NA	NA	NA	NA	NA	NA	NA	NA	NA	NA	NA	NA	NA	NA	NA	NA	NA	NA	NA	NA	NA	NA
chr13	46924501	47635836	0.726332580405886	0.000000000000000000000000000000000000000601167587618353	0.634411199925501	5.36563105056179	4	1	0.712431036143946	4	2	0.287568963856054	0.0208946454490528	0.0202941699593589	0.67188160137198	0.748610398811647	4	0	0.356215518071973	4	2	0.643784481928027	0.0104473227245263	0.0109478989427465	0.332605708047046	0.377011929444278	4	1	0.856215518071973	4	3	0.143784481928027	0.0104473227245266	0.0104873987456029	0.83417073914766	0.876435938256225	5	1	0.335651270267019	5	2	0.664348729732981	0.0256954922374702	0.0257474196479751	0.283939054391827	0.38697716446622	5	0	0.167825635133509	5	2	0.832174364866491	0.0128477461187353	0.0128028050450523	0.141828086656008	0.193341843758797	5	1	0.667825635133509	5	3	0.332174364866491	0.0128477461187352	0.0125432646016812	0.643230400074787	0.692652492412011
chr13	47636121	50798917	0.919879352802086	1	0.393758713417242	4.43302069844856	4	0	1	NA	NA	NA	NA	NA	NA	NA	NA	NA	NA	NA	NA	NA	NA	NA	NA	NA	NA	NA	NA	NA	NA	NA	NA	NA	NA	NA	NA	NA	NA	NA	NA	NA	NA	NA	NA	NA	NA	NA	NA	NA	NA	NA	NA	NA	NA	NA	NA	NA	NA	NA	NA	NA	NA	NA	NA	NA
chr13	50809807	114337675	0.708552706362699	0	0.571494246217557	5.1065948539134	4	1	0.562069015507386	4	2	0.437930984492614	0.00257872832230155	0.0026011431681168	0.557038601308314	0.567093126239433	4	0	0.281034507753693	4	2	0.718965492246307	0.00128936416115066	0.00128373596478702	0.27871651559192	0.283715246372834	4	1	0.781034507753693	4	3	0.218965492246307	0.00128936416115066	0.00123934322514166	0.778631691472693	0.783452075336188	3	1	0.973396628852374	3	2	0.0266033711476263	0.00198622821912869	0.00203421410582591	0.969231919341898	0.97721304136615	3	0	0.486698314426187	3	2	0.513301685573813	0.000993114109564347	0.00100215155764577	0.484742792279847	0.488558595347815	3	1	0.986698314426187	3	3	0.0133016855738132	0.000993114109564319	0.00101227064010037	0.98466655022743	0.988600867911331
chr14	19734542	30755188	0.864818319816999	1	-0.432998635696948	2.19197952950289	2	0	1	NA	NA	NA	NA	NA	NA	NA	NA	NA	NA	NA	NA	NA	NA	NA	NA	NA	NA	NA	NA	NA	NA	NA	NA	NA	NA	NA	NA	NA	NA	NA	NA	NA	NA	NA	NA	NA	NA	NA	NA	NA	NA	NA	NA	NA	NA	NA	NA	NA	NA	NA	NA	NA	NA	NA	NA	NA
chr14	30755455	106858179	0.89727814955571	1	-0.0114556797167462	3.17494920807757	3	0	1	NA	NA	NA	NA	NA	NA	NA	NA	NA	NA	NA	NA	NA	NA	NA	NA	NA	NA	NA	NA	NA	NA	NA	NA	NA	NA	NA	NA	NA	NA	NA	NA	NA	NA	NA	NA	NA	NA	NA	NA	NA	NA	NA	NA	NA	NA	NA	NA	NA	NA	NA	NA	NA	NA	NA	NA	NA
chr15	17009590	24924594	0.637345197789316	1	-0.099435666856661	2.94543378508869	2	1	1	NA	NA	NA	NA	NA	NA	NA	NA	NA	NA	NA	NA	NA	NA	NA	NA	NA	NA	NA	NA	NA	NA	NA	NA	NA	NA	NA	NA	NA	NA	NA	NA	NA	NA	NA	NA	NA	NA	NA	NA	NA	NA	NA	NA	NA	NA	NA	NA	NA	NA	NA	NA	NA	NA	NA	NA	NA
chr15	24926003	101888911	0.502320788324572	1	-0.394231661199998	2.27086843036644	1	1	1	NA	NA	NA	NA	NA	NA	NA	NA	NA	NA	NA	NA	NA	NA	NA	NA	NA	NA	NA	NA	NA	NA	NA	NA	NA	NA	NA	NA	NA	NA	NA	NA	NA	NA	NA	NA	NA	NA	NA	NA	NA	NA	NA	NA	NA	NA	NA	NA	NA	NA	NA	NA	NA	NA	NA	NA	NA
chr16	34170	1754356	0.868909049750675	1	-0.390567967271111	2.27843408799408	2	0	1	NA	NA	NA	NA	NA	NA	NA	NA	NA	NA	NA	NA	NA	NA	NA	NA	NA	NA	NA	NA	NA	NA	NA	NA	NA	NA	NA	NA	NA	NA	NA	NA	NA	NA	NA	NA	NA	NA	NA	NA	NA	NA	NA	NA	NA	NA	NA	NA	NA	NA	NA	NA	NA	NA	NA	NA	NA
chr16	1780550	4922020	0.541414444032838	0.00000000000000000000000000000000000000000000000000000000000000000000000000000000000000000000000000000000309337490725866	0.341591102723525	4.25056506397807	2	2	0.575134868210526	3	2	0.424865131789474	0.0194428905422137	0.0191231372193135	0.536907139139505	0.612409999865063	1	2	0.287567434105263	3	2	0.712432565894737	0.00972144527110688	0.00962057291331324	0.268838834238131	0.306828647415285	2	2	0.787567434105263	4	2	0.212432565894737	0.00972144527110685	0.00967599626493954	0.767910925012372	0.80578059621024	2	1	0.359866669277335	2	2	0.640133330722665	0.0139489056191534	0.0143625608529595	0.333534397968629	0.387131629432854	2	0	0.179933334638668	2	2	0.820066665361332	0.0069744528095767	0.00706448524040879	0.165251300720113	0.19325212016757	2	1	0.679933334638668	2	3	0.320066665361332	0.00697445280957681	0.00678455156650361	0.666196617034921	0.693193036421296
chr16	4933644	28136611	0.865148553139358	1	-0.478878976562505	2.10131337900667	2	0	1	NA	NA	NA	NA	NA	NA	NA	NA	NA	NA	NA	NA	NA	NA	NA	NA	NA	NA	NA	NA	NA	NA	NA	NA	NA	NA	NA	NA	NA	NA	NA	NA	NA	NA	NA	NA	NA	NA	NA	NA	NA	NA	NA	NA	NA	NA	NA	NA	NA	NA	NA	NA	NA	NA	NA	NA	NA
chr16	28161307	31684656	0.562807466858677	0.000000000000000408200213081556	0.511004202423025	4.86797891001538	2	2	0.324137783163961	3	2	0.675862216836039	0.0364076956690468	0.0362976995975113	0.247514278452924	0.397069676040786	1	2	0.16206889158198	3	2	0.83793110841802	0.0182038478345234	0.0179383959263157	0.128402485456715	0.197241332132866	2	2	0.66206889158198	4	2	0.33793110841802	0.0182038478345233	0.0177665679481773	0.626923075436949	0.697112049135412	3	2	0.748207643194171	3	3	0.251792356805829	0.0313084930017137	0.0313846442297717	0.68395359585369	0.808742784528291	3	1	0.374103821597085	3	3	0.625896178402915	0.0156542465008569	0.0159335855529751	0.341315245076625	0.403784302083376	3	2	0.874103821597086	3	4	0.125896178402914	0.0156542465008569	0.0163040642954122	0.840197004751498	0.903776757944514
chr16	31725445	34271310	0.849430476783434	0.0562731424120562	-0.641236211165088	1.80266637785008	2	0	1	NA	NA	NA	NA	NA	NA	NA	NA	NA	NA	NA	NA	NA	NA	NA	NA	NA	NA	NA	NA	NA	NA	NA	NA	NA	NA	NA	NA	NA	NA	NA	NA	NA	NA	NA	NA	NA	NA	NA	NA	NA	NA	NA	NA	NA	NA	NA	NA	NA	NA	NA	NA	NA	NA	NA	NA	NA
chr16	34589273	78106105	0.525039934865349	0	0.17912488125462	3.72282556462306	2	1	0.224367776494001	2	2	0.775632223505999	0.00449798941965687	0.00455682084036809	0.214559328136641	0.233127771320797	2	0	0.112183888247001	2	2	0.887816111752999	0.00224899470982844	0.00226793796084149	0.107420797620859	0.116967067623974	2	1	0.612183888247001	2	3	0.387816111752999	0.00224899470982842	0.00216339222669648	0.607904250613849	0.616369414617055	1	1	0.857415016552189	2	1	0.142584983447811	0.00315985441795358	0.0032690318559232	0.850907395440341	0.863716049621812	0	1	0.428707508276094	2	1	0.571292491723906	0.00157992720897682	0.00149715330873924	0.425922537251557	0.431595302087061	1	1	0.928707508276094	3	1	0.0712924917239056	0.00157992720897693	0.00151140575569507	0.925671835272837	0.931497060703954
chr16	78107367	78209487	0.670497371880608	0.00000384979914626182	0.662558740663541	5.48522584295254	4	1	0.213440054007224	4	2	0.786559945992776	0.0433151746162398	0.0454466987283496	0.12179591342376	0.297256272541867	4	0	0.106720027003612	4	2	0.893279972996388	0.0216575873081199	0.0221033047393661	0.0623722016868602	0.151603370588551	4	1	0.606720027003612	4	3	0.393279972996388	0.0216575873081198	0.0218954107011008	0.562471062756468	0.648262736194397	3	1	0.704870210094495	3	2	0.295129789905505	0.033362887201113	0.0331135671651907	0.641015902522017	0.769023804978588	3	0	0.352435105047247	3	2	0.647564894952753	0.0166814436005564	0.0169249539498194	0.315095089923498	0.384042369784859	3	1	0.852435105047247	3	3	0.147564894952753	0.0166814436005563	0.0169469433552227	0.819319211702287	0.88513325792813
chr16	78211623	89999142	0.52201415827451	0.000000000000000000000000000000000000000000000000000000000000000000000000000000000000000000000000000000000000000000000000000000000000000000000000000000000000000000000000000000000000000000000000000000000000468124005112738	0.20674585821811	3.80840639557057	2	1	0.198398977196938	2	2	0.801601022803062	0.00606369249429978	0.00609282463867572	0.185847511950749	0.209856308476923	2	0	0.099199488598469	2	2	0.900800511401531	0.00303184624714989	0.00307401722831661	0.0931263544155144	0.105048806061108	2	1	0.599199488598469	2	3	0.400800511401531	0.00303184624714986	0.00297840590921598	0.59323357986224	0.604873295224256	2	2	0.783326061060481	3	2	0.216673938939519	0.00723222318078304	0.00736835305360214	0.768104954431492	0.798175501229158	1	2	0.391663030530241	3	2	0.608336969469759	0.00361611159039152	0.00372160476006147	0.383801493354863	0.398884772986419	2	2	0.89166303053024	4	2	0.10833696946976	0.00361611159039182	0.00364696202651268	0.884260677431688	0.898374464226671
chr17	174245	22284173	0.866632469539922	1	-0.43869687578135	2.18056154958972	2	0	1	NA	NA	NA	NA	NA	NA	NA	NA	NA	NA	NA	NA	NA	NA	NA	NA	NA	NA	NA	NA	NA	NA	NA	NA	NA	NA	NA	NA	NA	NA	NA	NA	NA	NA	NA	NA	NA	NA	NA	NA	NA	NA	NA	NA	NA	NA	NA	NA	NA	NA	NA	NA	NA	NA	NA	NA	NA
chr17	22295375	22744857	0.527319103952855	0.0000000307182479152129	0.175879378478286	3.71287684850025	2	1	0.243732011027628	2	2	0.756267988972372	0.0401289189157149	0.0399819109835061	0.166800554637753	0.321151728223322	2	0	0.121866005513814	2	2	0.878133994486186	0.0200644594578575	0.0199201430558417	0.0829487255885529	0.160417048784819	2	1	0.621866005513814	2	3	0.378133994486186	0.0200644594578575	0.0194339444931539	0.583659267499644	0.659149075594295	1	1	0.843686642781864	2	1	0.156313357218136	0.0287114435256592	0.0290372682110578	0.784857396311697	0.897387240014655	0	1	0.421843321390932	2	1	0.578156678609068	0.0143557217628296	0.0144377798112645	0.392703529599071	0.448864633244611	1	1	0.921843321390932	3	1	0.0781566786090681	0.0143557217628296	0.0144702420245482	0.891899927805116	0.948758730327603
chr17	26629139	49003069	0.724526340142292	0	-0.0871125810669368	2.97674457181382	2	0	0.457916815141515	2	1	0.542083184858485	0.00330834701629451	0.00331984978567989	0.451599277869518	0.464319221139508	2	0	0.728958407570757	2	2	0.271041592429243	0.00165417350814717	0.0016510826647355	0.725565710894112	0.732315204751579	3	0	0.0777047447237485	3	1	0.922295255276251	0.00471478771735044	0.00471461317633191	0.0680604076166742	0.0862989717965356	3	0	0.538852372361874	3	2	0.461147627638126	0.00235739385867523	0.00236937040993351	0.534386349616195	0.543502269153275	NA	NA	NA	NA	NA	NA	NA	NA	NA	NA	NA	NA	NA	NA	NA	NA	NA	NA	NA	NA
chr17	49004518	54011291	0.640070543567795	1	0.0471855206103317	3.3358885132026	2	1	1	NA	NA	NA	NA	NA	NA	NA	NA	NA	NA	NA	NA	NA	NA	NA	NA	NA	NA	NA	NA	NA	NA	NA	NA	NA	NA	NA	NA	NA	NA	NA	NA	NA	NA	NA	NA	NA	NA	NA	NA	NA	NA	NA	NA	NA	NA	NA	NA	NA	NA	NA	NA	NA	NA	NA	NA	NA
chr17	54011629	70801528	0.728862781314492	0	-0.105476370368716	2.93018283149195	2	0	0.477233079359409	2	1	0.522766920640591	0.00420889640267696	0.00405854174748361	0.469214990990008	0.485305182476941	2	0	0.738616539679704	2	2	0.261383460320296	0.00210444820133848	0.00205649575927037	0.73478342673726	0.742872688117752	3	0	0.105232717101212	3	1	0.894767282898788	0.00599817762925233	0.00581475814849026	0.0931258246300977	0.115907257798341	3	0	0.552616358550606	3	2	0.447383641449394	0.00299908881462618	0.00308521027466988	0.54676710532365	0.558287045000528	NA	NA	NA	NA	NA	NA	NA	NA	NA	NA	NA	NA	NA	NA	NA	NA	NA	NA	NA	NA
chr17	70803828	79997142	0.871179087678113	1	-0.369277120676922	2.32278272602183	2	0	1	NA	NA	NA	NA	NA	NA	NA	NA	NA	NA	NA	NA	NA	NA	NA	NA	NA	NA	NA	NA	NA	NA	NA	NA	NA	NA	NA	NA	NA	NA	NA	NA	NA	NA	NA	NA	NA	NA	NA	NA	NA	NA	NA	NA	NA	NA	NA	NA	NA	NA	NA	NA	NA	NA	NA	NA	NA
chr18	53935	43974323	0.629119347645706	1	-0.0194096955249	3.15361911282482	2	1	1	NA	NA	NA	NA	NA	NA	NA	NA	NA	NA	NA	NA	NA	NA	NA	NA	NA	NA	NA	NA	NA	NA	NA	NA	NA	NA	NA	NA	NA	NA	NA	NA	NA	NA	NA	NA	NA	NA	NA	NA	NA	NA	NA	NA	NA	NA	NA	NA	NA	NA	NA	NA	NA	NA	NA	NA	NA
chr18	43977138	67954847	0.861263438284322	1	-0.466513307827065	2.12546658118301	2	0	1	NA	NA	NA	NA	NA	NA	NA	NA	NA	NA	NA	NA	NA	NA	NA	NA	NA	NA	NA	NA	NA	NA	NA	NA	NA	NA	NA	NA	NA	NA	NA	NA	NA	NA	NA	NA	NA	NA	NA	NA	NA	NA	NA	NA	NA	NA	NA	NA	NA	NA	NA	NA	NA	NA	NA	NA	NA
chr18	67955234	69169671	0.62685223868946	1	-0.0584457477322457	3.05062504214575	2	1	1	NA	NA	NA	NA	NA	NA	NA	NA	NA	NA	NA	NA	NA	NA	NA	NA	NA	NA	NA	NA	NA	NA	NA	NA	NA	NA	NA	NA	NA	NA	NA	NA	NA	NA	NA	NA	NA	NA	NA	NA	NA	NA	NA	NA	NA	NA	NA	NA	NA	NA	NA	NA	NA	NA	NA	NA	NA
chr18	69214658	70924468	0.848716416965524	0.000000355418817309546	-0.471473390588648	2.11575344298456	2	0	0.932989154607857	2	1	0.0670108453921431	0.0133398570162356	0.0130697771616272	0.906825093698213	0.957520195412086	2	0	0.966494577303928	2	2	0.0335054226960718	0.00666992850811776	0.00669338830174088	0.952644442361691	0.979168357974877	3	0	0.754739293982595	3	1	0.245260706017405	0.0190108817792036	0.0190049465128623	0.715280442988772	0.789055499076105	3	0	0.877369646991298	3	2	0.122630353008702	0.00950544088960181	0.00948246196720002	0.857614178829854	0.895602871822952	NA	NA	NA	NA	NA	NA	NA	NA	NA	NA	NA	NA	NA	NA	NA	NA	NA	NA	NA	NA
chr18	71029514	79965683	0.628379357536633	1	-0.0294056385138398	3.12697945168651	2	1	1	NA	NA	NA	NA	NA	NA	NA	NA	NA	NA	NA	NA	NA	NA	NA	NA	NA	NA	NA	NA	NA	NA	NA	NA	NA	NA	NA	NA	NA	NA	NA	NA	NA	NA	NA	NA	NA	NA	NA	NA	NA	NA	NA	NA	NA	NA	NA	NA	NA	NA	NA	NA	NA	NA	NA	NA	NA
chr19	226776	5639022	0.86140991714209	1	-0.444843287757671	2.16829598776235	2	0	1	NA	NA	NA	NA	NA	NA	NA	NA	NA	NA	NA	NA	NA	NA	NA	NA	NA	NA	NA	NA	NA	NA	NA	NA	NA	NA	NA	NA	NA	NA	NA	NA	NA	NA	NA	NA	NA	NA	NA	NA	NA	NA	NA	NA	NA	NA	NA	NA	NA	NA	NA	NA	NA	NA	NA	NA	NA
chr19	5644138	7401151	0.693669529119639	1	1.08417586191957	7.58621524459514	5	2	1	NA	NA	NA	NA	NA	NA	NA	NA	NA	NA	NA	NA	NA	NA	NA	NA	NA	NA	NA	NA	NA	NA	NA	NA	NA	NA	NA	NA	NA	NA	NA	NA	NA	NA	NA	NA	NA	NA	NA	NA	NA	NA	NA	NA	NA	NA	NA	NA	NA	NA	NA	NA	NA	NA	NA	NA	NA
chr19	7408852	7821338	0.579621952743473	1	0.746379772302422	5.85550729527055	3	2	1	NA	NA	NA	NA	NA	NA	NA	NA	NA	NA	NA	NA	NA	NA	NA	NA	NA	NA	NA	NA	NA	NA	NA	NA	NA	NA	NA	NA	NA	NA	NA	NA	NA	NA	NA	NA	NA	NA	NA	NA	NA	NA	NA	NA	NA	NA	NA	NA	NA	NA	NA	NA	NA	NA	NA	NA	NA
chr19	7833347	8518061	0.86754193903764	1	-0.49476189472728	2.07059230215414	2	0	1	NA	NA	NA	NA	NA	NA	NA	NA	NA	NA	NA	NA	NA	NA	NA	NA	NA	NA	NA	NA	NA	NA	NA	NA	NA	NA	NA	NA	NA	NA	NA	NA	NA	NA	NA	NA	NA	NA	NA	NA	NA	NA	NA	NA	NA	NA	NA	NA	NA	NA	NA	NA	NA	NA	NA	NA	NA
chr19	8562606	12454882	0.569996941186569	0.0000000000000000000016719624509535	0.586350144809936	5.16674342131224	3	2	0.823336274859612	3	3	0.176663725140388	0.0187643045614681	0.0184312270594129	0.789095461400559	0.861232589482895	3	1	0.411668137429806	3	3	0.588331862570194	0.00938215228073394	0.00947099367601018	0.392572493817746	0.429741148996351	3	2	0.911668137429806	3	4	0.088331862570194	0.00938215228073408	0.00942762704669153	0.893199249331229	0.929628729896652	2	2	0.234179224739739	3	2	0.76582077526026	0.0231359157569042	0.0231145367407023	0.188284686187858	0.277691006936252	1	2	0.11708961236987	3	2	0.88291038763013	0.0115679578784521	0.0114405137626661	0.0949655817166665	0.139372236965747	2	2	0.61708961236987	4	2	0.38291038763013	0.011567957878452	0.0117003276343022	0.594537026450742	0.640042614990451
chr19	12456479	13688669	0.693144190095806	1	1.04878626343395	7.3853148403717	5	2	1	NA	NA	NA	NA	NA	NA	NA	NA	NA	NA	NA	NA	NA	NA	NA	NA	NA	NA	NA	NA	NA	NA	NA	NA	NA	NA	NA	NA	NA	NA	NA	NA	NA	NA	NA	NA	NA	NA	NA	NA	NA	NA	NA	NA	NA	NA	NA	NA	NA	NA	NA	NA	NA	NA	NA	NA	NA
chr19	13728659	16396329	0.55980511644755	0.00000000000000000000000000000000000000000000000000000000000167816896641799	0.555287332081469	5.0416788708015	3	2	0.716262460093965	3	3	0.283737539906035	0.0173352087568413	0.016943508472599	0.681040302915448	0.748492787715954	3	1	0.358131230046983	3	3	0.641868769953017	0.00866760437842076	0.0085079283194634	0.341107723803423	0.374309699763292	3	2	0.858131230046983	3	4	0.141868769953017	0.00866760437842062	0.00861824388078514	0.841509499301091	0.874109990769072	2	2	0.360835013087364	3	2	0.639164986912636	0.0196727005840473	0.0196083690709254	0.320242746520967	0.396932119754092	1	2	0.180417506543682	3	2	0.819582493456318	0.0098363502920237	0.0100020040652217	0.160007078247669	0.199414959233524	2	2	0.680417506543682	4	2	0.319582493456318	0.00983635029202384	0.00971809777574781	0.660972438648913	0.698770521994695
chr19	16397696	16619385	0.723592842991477	1	1.26883461575265	8.71830583902132	6	2	1	NA	NA	NA	NA	NA	NA	NA	NA	NA	NA	NA	NA	NA	NA	NA	NA	NA	NA	NA	NA	NA	NA	NA	NA	NA	NA	NA	NA	NA	NA	NA	NA	NA	NA	NA	NA	NA	NA	NA	NA	NA	NA	NA	NA	NA	NA	NA	NA	NA	NA	NA	NA	NA	NA	NA	NA	NA
chr19	16620909	24380413	0.555144662761744	0.000000000000000000000000000000000000000000000000000000000000000000000000000000000000000000000000000000000000000000000000000000000000000000000000000000000000000000000000844420212912867	0.487805843478073	4.77908964165548	2	2	0.416817737737096	3	2	0.583182262262904	0.0131307820875379	0.0130145208679945	0.390804759468631	0.441449233778804	1	2	0.208408868868548	3	2	0.791591131131452	0.00656539104376896	0.00656323555681177	0.196008504403717	0.221376055049478	2	2	0.708408868868548	4	2	0.291591131131452	0.00656539104376908	0.00632568583566407	0.695526816694302	0.720539582082108	3	2	0.665990492702435	3	3	0.334009507297565	0.0120161681075796	0.0121250313097569	0.642052299302712	0.690205964480699	3	1	0.332995246351218	3	3	0.667004753648782	0.00600808405378978	0.00580878072961409	0.32125677275978	0.34385254166446	3	2	0.832995246351218	3	4	0.167004753648782	0.00600808405378983	0.00580255060872156	0.821498696910079	0.844146669411718
chr19	27247337	58552959	0.898577832348158	1	0.0054415001594753	3.2206541311492	3	0	1	NA	NA	NA	NA	NA	NA	NA	NA	NA	NA	NA	NA	NA	NA	NA	NA	NA	NA	NA	NA	NA	NA	NA	NA	NA	NA	NA	NA	NA	NA	NA	NA	NA	NA	NA	NA	NA	NA	NA	NA	NA	NA	NA	NA	NA	NA	NA	NA	NA	NA	NA	NA	NA	NA	NA	NA	NA
chr20	20001903	26377395	0.865803745620817	1	-0.440970103032554	2.17601908738875	2	0	1	NA	NA	NA	NA	NA	NA	NA	NA	NA	NA	NA	NA	NA	NA	NA	NA	NA	NA	NA	NA	NA	NA	NA	NA	NA	NA	NA	NA	NA	NA	NA	NA	NA	NA	NA	NA	NA	NA	NA	NA	NA	NA	NA	NA	NA	NA	NA	NA	NA	NA	NA	NA	NA	NA	NA	NA	NA
chr20	28573539	64283878	0.578406855741544	1	0.626784699296481	5.33362690691278	3	2	1	NA	NA	NA	NA	NA	NA	NA	NA	NA	NA	NA	NA	NA	NA	NA	NA	NA	NA	NA	NA	NA	NA	NA	NA	NA	NA	NA	NA	NA	NA	NA	NA	NA	NA	NA	NA	NA	NA	NA	NA	NA	NA	NA	NA	NA	NA	NA	NA	NA	NA	NA	NA	NA	NA	NA	NA	NA
chr21	5220805	46149227	0.702782822268023	1	0.291913183479815	4.08284375382694	3	1	1	NA	NA	NA	NA	NA	NA	NA	NA	NA	NA	NA	NA	NA	NA	NA	NA	NA	NA	NA	NA	NA	NA	NA	NA	NA	NA	NA	NA	NA	NA	NA	NA	NA	NA	NA	NA	NA	NA	NA	NA	NA	NA	NA	NA	NA	NA	NA	NA	NA	NA	NA	NA	NA	NA	NA	NA	NA
chr22	10712449	49954349	0.631893441132108	1	0.0140838542053486	3.24423843485165	2	1	1	NA	NA	NA	NA	NA	NA	NA	NA	NA	NA	NA	NA	NA	NA	NA	NA	NA	NA	NA	NA	NA	NA	NA	NA	NA	NA	NA	NA	NA	NA	NA	NA	NA	NA	NA	NA	NA	NA	NA	NA	NA	NA	NA	NA	NA	NA	NA	NA	NA	NA	NA	NA	NA	NA	NA	NA	NA
chrX	13590	155991738	0.572273935500196	0.0000000000000000000000000000000000000000000000000000000000000000000000000000000000000000000000000000000000000000000000000000000000000000000000000000000000000000000000000000000000000000000000000000000000000000000000000000000000000000000000000028976869303135	0.0795325407335089	3.4275037780023	2	1	0.59415172753295	2	2	0.40584827246705	0.0127650668743341	0.0129632470562187	0.568425164576372	0.618554283294349	2	0	0.297075863766475	2	2	0.702924136233525	0.00638253343716705	0.00629914181494903	0.284302365166438	0.309271514138259	2	1	0.797075863766475	2	3	0.202924136233525	0.00638253343716716	0.00624325786865337	0.784806116577196	0.809629783594069	2	2	0.205057686168487	3	2	0.794942313831513	0.0228508786721172	0.0227719563939469	0.161748951628012	0.250539534446358	1	2	0.102528843084243	3	2	0.897471156915757	0.0114254393360586	0.0109302685635342	0.0802855478972559	0.123038354099614	2	2	0.602528843084243	4	2	0.397471156915757	0.0114254393360587	0.0116268192848624	0.578997220256761	0.625029515322152
